100 2678
1 2
1 15
1 21
1 31
1 38
1 46
1 53
1 71
1 76
1 82
1 91
1 95
2 3
2 10
2 18
2 24
2 30
2 36
2 44
2 50
2 62
2 66
2 77
2 82
2 90
2 98
3 6
3 12
3 28
3 35
3 42
3 47
3 54
3 61
3 68
3 74
3 81
3 86
3 96
4 8
4 15
4 21
4 28
4 36
4 45
4 50
4 60
4 65
4 74
4 79
4 90
4 96
5 11
5 19
5 23
5 28
5 33
5 42
5 60
5 70
5 77
5 87
5 91
5 100
6 14
6 21
6 26
6 38
6 47
6 53
6 60
6 67
6 72
6 82
6 87
6 94
6 99
7 13
7 20
7 26
7 36
7 46
7 53
7 65
7 71
7 77
7 84
7 91
7 99
8 13
8 19
8 29
8 37
8 44
8 51
8 57
8 64
8 70
8 75
8 79
8 90
8 99
9 13
9 18
9 24
9 29
9 37
9 47
9 55
9 59
9 65
9 75
9 84
9 93
10 14
10 18
10 23
10 29
10 38
10 47
10 56
10 65
10 72
10 87
10 92
11 12
11 22
11 27
11 35
11 40
11 45
11 50
11 57
11 68
11 77
11 82
11 87
11 93
11 98
12 21
12 27
12 31
12 40
12 53
12 59
12 65
12 77
12 86
12 93
12 98
13 17
13 28
13 38
13 48
13 57
13 68
13 82
13 92
13 99
14 23
14 28
14 35
14 43
14 49
14 56
14 65
14 74
14 88
14 95
15 17
15 27
15 31
15 38
15 45
15 51
15 60
15 65
15 73
15 87
16 19
16 28
16 32
16 38
16 47
16 54
16 64
16 78
16 91
16 99
17 22
17 27
17 36
17 41
17 47
17 55
17 60
17 64
17 70
17 79
17 89
17 99
18 29
18 34
18 42
18 52
18 60
18 67
18 73
18 79
18 85
18 93
18 100
19 23
19 31
19 39
19 46
19 51
19 57
19 62
19 66
19 72
19 79
19 83
19 90
19 99
20 24
20 38
20 48
20 57
20 63
20 68
20 76
20 84
20 89
20 94
20 100
21 27
21 35
21 44
21 52
21 57
21 63
21 70
21 74
21 82
21 92
21 100
22 30
22 42
22 49
22 55
22 62
22 70
22 78
22 83
22 94
23 24
23 30
23 37
23 44
23 50
23 60
23 74
23 82
23 87
23 92
23 100
24 39
24 46
24 53
24 58
24 63
24 68
24 74
24 80
24 85
24 89
24 97
25 33
25 42
25 47
25 52
25 59
25 64
25 69
25 76
25 87
25 93
26 29
26 33
26 42
26 49
26 58
26 66
26 72
26 79
26 86
26 93
27 28
27 38
27 46
27 53
27 60
27 64
27 70
27 75
27 81
27 93
27 100
28 32
28 37
28 42
28 47
28 53
28 61
28 68
28 75
28 81
28 91
28 95
28 99
29 34
29 39
29 45
29 54
29 59
29 67
29 73
29 79
29 85
29 92
29 97
30 38
30 48
30 52
30 59
30 65
30 70
30 76
30 81
30 88
30 95
31 35
31 43
31 49
31 55
31 66
31 71
31 79
31 87
31 93
31 99
32 38
32 51
32 58
32 63
32 75
32 84
32 89
32 96
33 34
33 40
33 47
33 59
33 77
33 86
33 94
33 99
34 44
34 48
34 56
34 63
34 68
34 74
34 79
34 89
34 93
35 42
35 50
35 57
35 64
35 73
35 77
35 85
35 91
35 96
36 38
36 44
36 51
36 58
36 66
36 74
36 81
36 90
37 38
37 42
37 51
37 56
37 65
37 76
37 83
37 87
37 94
37 99
38 46
38 52
38 58
38 63
38 72
38 82
38 86
38 92
38 98
39 44
39 54
39 64
39 69
39 75
39 80
39 85
39 95
40 42
40 52
40 56
40 69
40 81
40 86
40 92
40 96
40 100
41 48
41 54
41 66
41 73
41 79
41 84
41 91
41 98
42 44
42 51
42 65
42 71
42 77
42 81
42 90
42 97
43 50
43 55
43 62
43 72
43 86
43 94
43 100
44 52
44 57
44 64
44 70
44 78
44 85
44 95
45 50
45 58
45 64
45 77
45 85
45 91
45 96
46 55
46 63
46 74
46 82
46 88
46 93
46 99
47 53
47 58
47 69
47 80
47 86
47 98
48 53
48 58
48 62
48 69
48 80
48 91
48 98
49 56
49 64
49 70
49 79
49 90
49 97
50 57
50 67
50 74
50 87
50 93
50 99
51 60
51 65
51 74
51 82
51 87
51 91
51 97
52 55
52 67
52 75
52 85
52 93
53 55
53 61
53 66
53 71
53 77
53 83
53 90
53 99
54 61
54 67
54 71
54 75
54 84
54 89
54 95
55 62
55 68
55 75
55 83
55 87
55 92
55 97
56 59
56 65
56 73
56 80
56 85
56 90
56 95
57 58
57 67
57 75
57 85
57 93
57 97
58 63
58 74
58 82
58 89
58 96
59 66
59 72
59 77
59 82
59 90
60 65
60 73
60 81
60 86
60 94
61 62
61 71
61 77
61 85
61 95
62 64
62 71
62 77
62 83
62 90
62 97
63 65
63 71
63 82
63 91
63 98
64 67
64 83
64 92
64 100
65 69
65 81
65 85
65 93
65 100
66 72
66 77
66 87
66 96
67 68
67 77
67 82
67 88
67 93
67 99
68 72
68 78
68 84
68 97
69 71
69 81
69 87
69 92
69 98
70 76
70 81
70 88
70 100
71 75
71 82
71 86
71 90
71 99
72 77
72 85
72 91
72 96
73 77
73 86
73 93
73 99
74 79
74 87
74 96
75 78
75 89
75 96
76 77
76 83
76 90
76 95
77 82
77 92
77 98
78 82
78 88
78 93
78 100
79 93
80 81
80 85
80 90
80 94
81 82
81 92
81 96
82 84
82 90
82 98
83 89
83 95
83 100
84 96
85 92
86 89
86 96
87 96
88 94
88 100
89 98
90 94
90 99
91 97
92 93
92 99
93 98
94 98
95 99
98 99
1 5
1 16
1 26
1 34
1 41
1 47
1 55
1 72
1 77
1 83
1 92
1 96
2 6
2 12
2 20
2 25
2 31
2 38
2 45
2 53
2 63
2 67
2 79
2 85
2 93
2 99
3 8
3 14
3 30
3 37
3 44
3 48
3 56
3 63
3 69
3 75
3 83
3 91
3 98
4 9
4 16
4 22
4 29
4 38
4 46
4 52
4 61
4 66
4 75
4 80
4 91
4 99
5 15
5 20
5 24
5 29
5 34
5 47
5 61
5 71
5 78
5 88
5 96
6 7
6 16
6 22
6 27
6 39
6 49
6 55
6 62
6 69
6 75
6 83
6 88
6 95
6 100
7 14
7 22
7 27
7 42
7 50
7 54
7 66
7 72
7 78
7 85
7 92
8 9
8 14
8 21
8 31
8 39
8 45
8 54
8 59
8 67
8 71
8 76
8 81
8 92
8 100
9 15
9 19
9 25
9 33
9 40
9 48
9 56
9 60
9 68
9 76
9 87
9 97
10 15
10 19
10 25
10 31
10 43
10 49
10 59
10 66
10 78
10 89
10 93
11 13
11 23
11 28
11 36
11 41
11 47
11 53
11 60
11 69
11 78
11 84
11 89
11 95
11 100
12 23
12 28
12 34
12 42
12 55
12 61
12 69
12 78
12 89
12 94
12 100
13 20
13 30
13 39
13 49
13 59
13 70
13 83
13 94
14 16
14 24
14 29
14 36
14 45
14 52
14 59
14 66
14 81
14 89
14 98
15 20
15 28
15 34
15 41
15 47
15 53
15 62
15 66
15 79
15 90
16 20
16 29
16 33
16 39
16 48
16 56
16 67
16 79
16 92
17 18
17 23
17 31
17 37
17 43
17 48
17 56
17 61
17 65
17 73
17 80
17 90
18 21
18 31
18 37
18 44
18 53
18 61
18 68
18 75
18 81
18 88
18 94
19 20
19 24
19 34
19 40
19 48
19 52
19 58
19 63
19 67
19 73
19 80
19 85
19 92
19 100
20 25
20 39
20 51
20 59
20 64
20 71
20 79
20 85
20 91
20 96
21 22
21 28
21 36
21 46
21 54
21 58
21 64
21 71
21 75
21 83
21 93
22 25
22 31
22 43
22 51
22 57
22 63
22 71
22 79
22 88
22 97
23 25
23 31
23 38
23 47
23 51
23 62
23 77
23 83
23 89
23 94
24 26
24 42
24 47
24 55
24 59
24 64
24 69
24 75
24 81
24 86
24 91
25 26
25 35
25 43
25 48
25 53
25 60
25 65
25 72
25 79
25 88
25 96
26 30
26 36
26 43
26 51
26 60
26 67
26 76
26 82
26 89
26 97
27 32
27 41
27 49
27 54
27 61
27 66
27 71
27 76
27 83
27 96
28 29
28 34
28 39
28 43
28 49
28 56
28 63
28 70
28 77
28 82
28 92
28 96
28 100
29 36
29 42
29 46
29 55
29 60
29 68
29 74
29 80
29 87
29 94
30 34
30 42
30 49
30 54
30 61
30 66
30 72
30 77
30 84
30 89
30 96
31 37
31 44
31 52
31 57
31 67
31 74
31 80
31 88
31 94
32 33
32 41
32 53
32 59
32 64
32 77
32 85
32 90
32 97
33 36
33 43
33 49
33 68
33 79
33 89
33 95
34 35
34 45
34 51
34 57
34 64
34 69
34 75
34 80
34 90
34 94
35 43
35 53
35 61
35 66
35 74
35 79
35 86
35 92
35 98
36 40
36 46
36 54
36 59
36 67
36 75
36 85
36 91
37 39
37 43
37 52
37 60
37 66
37 77
37 84
37 88
37 95
37 100
38 47
38 53
38 60
38 67
38 73
38 83
38 87
38 95
39 40
39 45
39 56
39 65
39 71
39 77
39 81
39 88
39 96
40 44
40 53
40 57
40 75
40 82
40 87
40 93
40 97
41 43
41 49
41 59
41 67
41 75
41 80
41 86
41 93
41 99
42 46
42 53
42 66
42 73
42 78
42 83
42 91
42 98
43 51
43 58
43 66
43 75
43 89
43 96
44 46
44 54
44 59
44 66
44 71
44 80
44 89
44 98
45 51
45 59
45 65
45 79
45 88
45 92
45 97
46 56
46 69
46 75
46 84
46 89
46 94
47 48
47 55
47 62
47 72
47 81
47 90
47 99
48 55
48 59
48 63
48 70
48 81
48 92
48 100
49 58
49 65
49 73
49 81
49 93
49 98
50 60
50 71
50 77
50 88
50 94
51 53
51 61
51 67
51 77
51 83
51 88
51 92
51 98
52 59
52 69
52 77
52 89
52 95
53 56
53 62
53 68
53 72
53 78
53 84
53 93
53 100
54 64
54 68
54 72
54 76
54 85
54 90
54 96
55 64
55 69
55 76
55 84
55 88
55 94
55 98
56 60
56 66
56 76
56 81
56 87
56 91
56 97
57 60
57 68
57 76
57 86
57 94
57 100
58 66
58 75
58 83
58 91
58 98
59 69
59 73
59 78
59 83
60 61
60 69
60 74
60 82
60 90
60 97
61 66
61 72
61 78
61 87
61 97
62 65
62 72
62 78
62 84
62 91
62 98
63 66
63 73
63 87
63 93
63 99
64 71
64 88
64 93
65 66
65 73
65 82
65 86
65 94
66 67
66 73
66 78
66 88
66 97
67 72
67 78
67 83
67 89
67 96
68 69
68 75
68 80
68 88
68 98
69 72
69 83
69 89
69 93
69 100
70 77
70 82
70 92
71 72
71 76
71 83
71 87
71 91
71 100
72 81
72 86
72 92
72 100
73 80
73 87
73 95
73 100
74 82
74 90
74 97
75 79
75 92
75 97
76 78
76 84
76 91
76 97
77 85
77 95
77 100
78 83
78 89
78 94
79 80
79 95
80 82
80 86
80 91
80 96
81 84
81 93
81 97
82 85
82 92
82 99
83 91
83 96
84 88
84 97
85 94
86 90
87 88
87 100
88 95
89 91
90 91
90 95
91 92
91 98
92 94
92 100
93 100
94 100
96 98
99 100
1 8
1 18
1 28
1 36
1 43
1 49
1 59
1 74
1 79
1 87
1 93
1 98
2 7
2 14
2 21
2 27
2 32
2 40
2 48
2 54
2 64
2 68
2 80
2 86
2 94
2 100
3 9
3 21
3 31
3 40
3 45
3 50
3 58
3 66
3 71
3 77
3 84
3 93
3 99
4 12
4 17
4 23
4 30
4 40
4 48
4 56
4 62
4 68
4 76
4 83
4 92
4 100
5 16
5 21
5 25
5 31
5 37
5 54
5 64
5 72
5 83
5 89
5 97
6 9
6 17
6 24
6 29
6 42
6 50
6 56
6 63
6 70
6 76
6 84
6 92
6 97
7 8
7 16
7 23
7 32
7 44
7 51
7 56
7 68
7 73
7 81
7 88
7 96
8 10
8 15
8 25
8 33
8 40
8 46
8 55
8 62
8 68
8 72
8 77
8 82
8 94
9 11
9 16
9 20
9 27
9 34
9 43
9 49
9 57
9 62
9 69
9 79
9 90
10 12
10 16
10 21
10 26
10 33
10 44
10 52
10 62
10 67
10 81
10 90
10 97
11 15
11 24
11 29
11 38
11 43
11 48
11 54
11 65
11 71
11 79
11 85
11 90
11 96
12 16
12 24
12 29
12 36
12 43
12 56
12 63
12 72
12 79
12 90
12 95
13 15
13 21
13 35
13 40
13 55
13 60
13 73
13 87
13 95
14 17
14 25
14 32
14 38
14 46
14 54
14 61
14 68
14 83
14 90
14 100
15 25
15 29
15 35
15 42
15 48
15 57
15 63
15 68
15 80
15 95
16 22
16 30
16 36
16 43
16 50
16 60
16 72
16 82
16 94
17 19
17 24
17 32
17 38
17 45
17 50
17 57
17 62
17 68
17 76
17 82
17 95
18 24
18 32
18 38
18 46
18 54
18 62
18 69
18 76
18 83
18 91
18 95
19 21
19 26
19 35
19 42
19 49
19 53
19 59
19 64
19 70
19 76
19 81
19 86
19 97
20 21
20 32
20 43
20 52
20 60
20 66
20 72
20 80
20 87
20 92
20 97
21 24
21 31
21 41
21 50
21 55
21 59
21 66
21 72
21 76
21 84
21 94
22 28
22 34
22 44
22 52
22 60
22 67
22 72
22 80
22 89
22 98
23 26
23 34
23 42
23 48
23 52
23 63
23 80
23 84
23 90
23 97
24 28
24 43
24 50
24 56
24 60
24 65
24 71
24 76
24 82
24 87
24 95
25 28
25 36
25 44
25 49
25 56
25 61
25 67
25 74
25 80
25 89
25 97
26 31
26 37
26 45
26 52
26 61
26 68
26 77
26 84
26 90
26 98
27 35
27 44
27 50
27 58
27 62
27 67
27 72
27 78
27 86
27 97
28 30
28 35
28 40
28 44
28 50
28 58
28 64
28 71
28 78
28 83
28 93
28 97
29 30
29 37
29 43
29 48
29 57
29 61
29 69
29 75
29 82
29 88
29 95
30 36
30 43
30 50
30 55
30 62
30 67
30 73
30 78
30 86
30 91
30 100
31 40
31 45
31 53
31 58
31 68
31 76
31 83
31 90
31 96
32 34
32 47
32 54
32 60
32 65
32 80
32 87
32 91
32 99
33 37
33 45
33 55
33 70
33 80
33 90
33 96
34 40
34 46
34 53
34 58
34 65
34 70
34 76
34 82
34 91
34 96
35 45
35 54
35 62
35 68
35 75
35 80
35 88
35 93
35 99
36 41
36 48
36 56
36 62
36 70
36 76
36 86
36 99
37 40
37 44
37 54
37 61
37 73
37 79
37 85
37 90
37 96
38 40
38 48
38 55
38 61
38 68
38 75
38 84
38 89
38 96
39 42
39 46
39 59
39 66
39 72
39 78
39 82
39 93
39 98
40 45
40 54
40 60
40 76
40 83
40 88
40 94
40 98
41 45
41 50
41 60
41 68
41 76
41 81
41 87
41 94
41 100
42 47
42 54
42 68
42 75
42 79
42 87
42 92
42 100
43 52
43 59
43 67
43 76
43 92
43 97
44 48
44 55
44 60
44 68
44 72
44 83
44 91
45 47
45 54
45 60
45 71
45 80
45 89
45 93
45 99
46 57
46 71
46 76
46 85
46 90
46 96
47 49
47 56
47 67
47 73
47 82
47 95
47 100
48 56
48 60
48 64
48 73
48 86
48 93
49 50
49 62
49 66
49 76
49 82
49 94
50 51
50 64
50 72
50 80
50 89
50 95
51 54
51 62
51 72
51 79
51 84
51 89
51 93
51 100
52 60
52 72
52 78
52 90
52 96
53 57
53 63
53 69
53 73
53 81
53 85
53 94
54 56
54 65
54 69
54 73
54 80
54 86
54 92
54 100
55 65
55 70
55 77
55 85
55 89
55 95
55 100
56 61
56 68
56 77
56 82
56 88
56 92
56 98
57 62
57 71
57 77
57 89
57 95
58 60
58 68
58 76
58 84
58 92
59 60
59 70
59 75
59 80
59 84
60 63
60 71
60 75
60 83
60 91
60 98
61 67
61 73
61 79
61 89
61 98
62 67
62 73
62 80
62 86
62 92
62 100
63 67
63 75
63 88
63 94
63 100
64 78
64 90
64 97
65 67
65 75
65 83
65 90
65 96
66 68
66 74
66 79
66 89
66 98
67 74
67 79
67 84
67 90
67 97
68 70
68 76
68 82
68 90
68 99
69 74
69 84
69 90
69 94
70 72
70 78
70 84
70 96
71 73
71 77
71 84
71 88
71 92
72 73
72 83
72 88
72 93
73 74
73 81
73 88
73 96
74 75
74 85
74 93
74 98
75 84
75 93
75 98
76 80
76 87
76 92
76 99
77 86
77 96
78 79
78 84
78 90
78 97
79 82
79 96
80 83
80 88
80 92
80 97
81 87
81 94
81 98
82 87
82 95
83 84
83 92
83 97
84 89
84 100
85 97
86 91
87 90
88 89
88 97
89 94
90 92
90 96
91 93
91 99
92 95
93 94
94 95
95 97
96 100
1 11
1 20
1 29
1 37
1 45
1 52
1 64
1 75
1 81
1 90
1 94
1 100
2 9
2 17
2 22
2 29
2 35
2 43
2 49
2 57
2 65
2 76
2 81
2 87
2 96
3 5
3 11
3 26
3 33
3 41
3 46
3 51
3 59
3 67
3 73
3 80
3 85
3 94
3 100
4 13
4 19
4 26
4 31
4 44
4 49
4 57
4 63
4 73
4 78
4 88
4 95
5 10
5 18
5 22
5 27
5 32
5 41
5 58
5 66
5 73
5 84
5 90
5 98
6 12
6 18
6 25
6 37
6 43
6 51
6 57
6 66
6 71
6 78
6 86
6 93
6 98
7 9
7 17
7 24
7 34
7 45
7 52
7 57
7 70
7 75
7 82
7 89
7 97
8 12
8 17
8 28
8 34
8 41
8 49
8 56
8 63
8 69
8 74
8 78
8 87
8 96
9 12
9 17
9 22
9 28
9 35
9 45
9 52
9 58
9 63
9 74
9 82
9 92
10 13
10 17
10 22
10 28
10 34
10 45
10 53
10 64
10 70
10 83
10 91
10 98
11 19
11 25
11 33
11 39
11 44
11 49
11 55
11 67
11 73
11 80
11 86
11 91
11 97
12 20
12 25
12 30
12 39
12 49
12 58
12 64
12 74
12 85
12 91
12 96
13 16
13 26
13 36
13 46
13 56
13 63
13 77
13 90
13 96
14 22
14 27
14 33
14 39
14 47
14 55
14 63
14 69
14 86
14 91
15 16
15 26
15 30
15 36
15 43
15 50
15 59
15 64
15 70
15 81
15 98
16 25
16 31
16 37
16 46
16 53
16 63
16 73
16 89
16 98
17 20
17 26
17 33
17 40
17 46
17 54
17 58
17 63
17 69
17 77
17 87
17 98
18 26
18 33
18 39
18 50
18 56
18 63
18 72
18 78
18 84
18 92
18 99
19 22
19 29
19 36
19 44
19 50
19 55
19 61
19 65
19 71
19 78
19 82
19 88
19 98
20 23
20 34
20 47
20 56
20 61
20 67
20 73
20 82
20 88
20 93
20 98
21 26
21 34
21 42
21 51
21 56
21 61
21 68
21 73
21 79
21 87
21 99
22 29
22 35
22 45
22 54
22 61
22 69
22 75
22 82
22 93
22 100
23 27
23 36
23 43
23 49
23 54
23 64
23 81
23 86
23 91
23 98
24 38
24 44
24 51
24 57
24 61
24 66
24 72
24 79
24 84
24 88
24 96
25 31
25 40
25 45
25 51
25 57
25 62
25 68
25 75
25 83
25 91
25 98
26 32
26 41
26 47
26 56
26 63
26 71
26 78
26 85
26 92
26 99
27 37
27 45
27 52
27 59
27 63
27 69
27 74
27 79
27 88
27 98
28 31
28 36
28 41
28 46
28 51
28 59
28 66
28 74
28 80
28 84
28 94
28 98
29 31
29 38
29 44
29 50
29 58
29 65
29 71
29 77
29 83
29 90
29 96
30 37
30 47
30 51
30 57
30 64
30 68
30 75
30 80
30 87
30 94
31 34
31 42
31 46
31 54
31 64
31 70
31 78
31 85
31 91
31 98
32 35
32 49
32 55
32 62
32 66
32 81
32 88
32 94
32 100
33 39
33 46
33 56
33 71
33 81
33 91
33 98
34 42
34 47
34 54
34 59
34 67
34 72
34 78
34 87
34 92
35 41
35 49
35 55
35 63
35 71
35 76
35 84
35 89
35 94
35 100
36 43
36 49
36 57
36 65
36 72
36 78
36 87
36 100
37 41
37 50
37 55
37 64
37 74
37 82
37 86
37 91
37 98
38 45
38 50
38 57
38 62
38 71
38 80
38 85
38 90
38 97
39 43
39 53
39 60
39 68
39 74
39 79
39 84
39 94
39 99
40 46
40 55
40 61
40 80
40 84
40 90
40 95
40 99
41 47
41 51
41 61
41 69
41 78
41 83
41 88
41 97
42 43
42 50
42 56
42 69
42 76
42 80
42 88
42 94
43 46
43 53
43 60
43 70
43 81
43 93
43 99
44 51
44 56
44 61
44 69
44 74
44 84
44 93
45 49
45 57
45 61
45 72
45 84
45 90
45 94
46 51
46 62
46 72
46 79
46 87
46 91
46 98
47 50
47 57
47 68
47 76
47 85
47 97
48 52
48 57
48 61
48 66
48 76
48 88
48 96
49 53
49 63
49 67
49 77
49 87
49 95
50 55
50 65
50 73
50 84
50 92
50 96
51 59
51 64
51 73
51 81
51 85
51 90
51 95
52 54
52 62
52 74
52 80
52 92
52 98
53 59
53 64
53 70
53 74
53 82
53 86
53 95
54 57
54 66
54 70
54 74
54 82
54 87
54 93
55 60
55 67
55 74
55 80
55 86
55 91
55 96
56 58
56 64
56 69
56 79
56 84
56 89
56 94
56 100
57 66
57 73
57 82
57 92
57 96
58 61
58 71
58 77
58 87
58 93
59 63
59 71
59 76
59 81
59 88
60 64
60 72
60 78
60 85
60 92
60 99
61 69
61 76
61 82
61 92
61 99
62 68
62 74
62 82
62 89
62 94
63 64
63 70
63 76
63 89
63 96
64 66
64 80
64 91
64 98
65 68
65 76
65 84
65 92
65 99
66 71
66 76
66 83
66 93
66 100
67 76
67 80
67 85
67 91
67 98
68 71
68 77
68 83
68 96
68 100
69 78
69 86
69 91
69 97
70 74
70 79
70 86
70 99
71 74
71 81
71 85
71 89
71 95
72 76
72 84
72 89
72 95
73 76
73 84
73 91
73 98
74 78
74 86
74 94
74 99
75 87
75 95
75 99
76 82
76 88
76 94
77 78
77 87
77 97
78 80
78 87
78 92
78 98
79 87
79 100
80 84
80 89
80 93
80 98
81 89
81 95
81 100
82 88
82 96
83 86
83 94
83 98
84 93
85 88
86 87
86 94
87 95
88 92
88 99
89 95
90 93
90 97
91 96
91 100
92 96
93 96
94 96
95 98
97 98
